1 0 1 8071.31713
0 1 1 7288.97061
1 1 2 13135.72176
2 1 3 14949.80993
1 2 3 14931.21793
0 3 3 28667
3 1 4 24621.127
2 2 4 2424.91561
1 3 4 25323.189
4 1 5 32892.444
3 2 5 11231.233
2 3 5 11678.886
1 4 5 37139
5 1 6 41875.721
4 2 6 17592.095
3 3 6 14086.87895
2 4 6 18375.033
1 5 6 47320
6 1 7 49135
5 2 7 26073.126
4 3 7 14907.10529
3 4 7 15768.999
2 5 7 27676.550
6 2 8 31609.681
5 3 8 20945.804
4 4 8 4941.671
3 5 8 22921.567
2 6 8 35064.268
7 2 9 40935.826
6 3 9 24954.902
5 4 9 11348.453
4 5 9 12416.488
3 6 9 28910.972
8 2 10 49197.143
7 3 10 33052.624
6 4 10 12607.488
5 5 10 12050.609
4 6 10 15698.672
3 7 10 38800.026
8 3 11 40728.254
7 4 11 20177.167
6 5 11 8667.707
5 6 11 10649.396
4 7 11 24303.559
9 3 12 49009.571
8 4 12 25077.760
7 5 12 13369.397
6 6 12 0.0
5 7 12 17338.068
4 8 12 31914.613
10 3 13 56980.888
9 4 13 33659.077
8 5 13 16561.947
7 6 13 3125.00888
6 7 13 5345.481
5 8 13 23115.432
10 4 14 39954.498
9 5 14 23663.685
8 6 14 3019.89278
7 7 14 2863.41672
6 8 14 8007.781
5 9 14 31964.402
11 4 15 49825.815
10 5 15 28958.242
9 6 15 9873.144
8 7 15 101.43871
7 8 15 2855.605
6 9 15 16566.751
5 10 15 40215.373
12 4 16 57447.132
11 5 16 37112.510
10 6 16 13694.132
9 7 16 5683.907
8 8 16 -4737.00135
7 9 16 10680.253
6 10 16 23986.776
12 5 17 43716.317
11 6 17 21031.898
10 7 17 7870.079
9 8 17 -808.76348
8 9 17 1951.702
7 10 17 16500.447
6 11 17 35173.214
13 5 18 51792.634
12 6 18 24919.264
11 7 18 13113.168
10 8 18 -782.81560
9 9 18 873.113
8 10 18 5317.614
7 11 18 25037.988
14 5 19 59770.244
13 6 19 32413.752
12 7 19 15856.282
11 8 19 3332.858
10 9 19 -1487.44420
9 10 19 1752.050
8 11 19 12929.390
7 12 19 31828.389
15 5 20 68450
14 6 20 37503.563
13 7 20 21766.496
12 8 20 3796.172
11 9 20 -17.463
10 10 20 -7041.93055
9 11 20 6850.604
8 12 20 17477.692
16 5 21 77330
15 6 21 45643
14 7 21 25231.913
13 8 21 8062.035
12 9 21 -47.605
11 10 21 -5731.776
10 11 21 -2184.631
9 12 21 10903.850
8 13 21 26990
16 6 22 53611.197
15 7 22 31764.801
14 8 22 9283.033
13 9 22 2793.373
12 10 22 -8024.719
11 11 22 -5181.511
10 12 22 -399.933
9 13 22 18201
8 14 22 33338
17 6 23 64171
16 7 23 36720.425
15 8 23 14621.369
14 9 23 3285.263
13 10 23 -5154.049
12 11 23 -9529.85248
11 12 23 -5473.513
10 13 23 6748.070
9 14 23 23697
17 7 24 46938
16 8 24 18500.402
15 9 24 7544.515
14 10 24 -5951.646
13 11 24 -8417.901
12 12 24 -13933.569
11 13 24 -48.865
10 14 24 10745.195
9 15 24 33320
18 7 25 55983
17 8 25 27329.027
16 9 25 11334.166
15 10 25 -2035.502
14 11 25 -9357.813
13 12 25 -13192.783
12 13 25 -8915.975
11 14 25 3827.324
10 15 25 19738
18 8 26 34661.037
17 9 26 18648.875
16 10 26 481.114
15 11 26 -6860.780
14 12 26 -16214.542
13 13 26 -12210.151
12 14 26 -7141.015
11 15 26 10973
10 16 26 27079
19 8 27 44670
18 9 27 25450.279
17 10 27 7050.909
16 11 27 -5517.790
15 12 27 -14586.611
14 13 27 -17196.861
13 14 27 -12384.503
12 15 27 -722.458
11 16 27 17028
20 8 28 52080
19 9 28 33741.596
18 10 28 11299.737
17 11 28 -988.315
16 12 28 -15018.845
15 13 28 -16850.645
14 14 28 -21492.79430
13 15 28 -7147.740
12 16 28 4073.206
11 17 28 27516
20 9 29 40150.186
19 10 29 18399.801
18 11 29 2679.994
17 12 29 -10602.829
16 13 29 -18207.760
15 14 29 -21895.07838
14 15 29 -16952.848
13 16 29 -3156.416
12 17 29 13162.176
21 9 30 48112
20 10 30 23280.117
19 11 30 8474.670
18 12 30 -8883.820
17 13 30 -15864.844
16 14 30 -24432.960
15 15 30 -20200.854
14 16 30 -14059.253
13 17 30 4443
12 18 30 20931.147
22 9 31 56143
21 10 31 31181.591
20 11 31 12246.031
19 12 31 -3122.151
18 13 31 -14950.706
17 14 31 -22949.036
16 15 31 -24440.54095
15 16 31 -19042.525
14 17 31 -7034.551
13 18 31 11325
22 10 32 36999
21 11 32 18640.151
20 12 32 -828.900
19 13 32 -11099.367
18 14 32 -24077.686
17 15 32 -24304.874
16 16 32 -26015.53355
15 17 32 -13334.674
14 18 32 -2200.351
13 19 32 21098
23 10 33 45997
22 11 33 23780.110
21 12 33 4962.297
20 13 33 -8497.380
19 14 33 -20514.325
18 15 33 -26337.346
17 16 33 -26585.85434
16 17 33 -21003.337
15 18 33 -9384.292
14 19 33 7042
24 10 34 52842
23 11 34 31680.111
22 12 34 8323.348
21 13 34 -3000.289
20 14 34 -19956.852
19 15 34 -24548.698
18 16 34 -29931.685
17 17 34 -24440.082
16 18 34 -18378.290
15 19 34 -1220
14 20 34 13851
24 11 35 38231
23 12 35 15639.784
22 13 35 -223.728
21 14 35 -14391.457
20 15 35 -24857.799
19 16 35 -28846.206
18 17 35 -29013.528
17 18 35 -23047.284
16 19 35 -11172.891
15 20 35 4788
25 11 36 46303
24 12 36 20380.157
23 13 36 5950.384
22 14 36 -12436.124
21 15 36 -20251.034
20 16 36 -30664.131
19 17 36 -29522.005
18 18 36 -30231.540
17 19 36 -17417.065
16 20 36 -6451.149
15 21 36 15351
26 11 37 53534
25 12 37 28211.474
24 13 37 9809.563
23 14 37 -6571.511
22 15 37 -18995.998
21 16 37 -26896.417
20 17 37 -31761.538
19 18 37 -30947.664
18 19 37 -24800.199
17 20 37 -13136.066
16 21 37 3520
26 12 38 34074
25 13 38 16209.859
24 14 38 -4170.299
23 15 38 -14621.563
22 16 38 -26861.203
21 17 38 -29798.103
20 18 38 -34714.821
19 19 38 -28800.755
18 20 38 -22058.499
17 21 38 -4249
16 22 38 10870
27 12 39 42275
26 13 39 20650
25 14 39 2320.352
24 15 39 -12774.634
23 16 39 -23162.667
22 17 39 -29800.205
21 18 39 -33242.190
20 19 39 -33807.19010
19 20 39 -27282.702
18 21 39 -14172.709
17 22 39 2200
28 12 40 48350
27 13 40 27590
26 14 40 5429.679
25 15 40 -8114.370
24 16 40 -22837.846
23 17 40 -27557.813
22 18 40 -35039.89464
21 19 40 -33535.492
20 20 40 -34846.384
19 21 40 -20523.335
18 22 40 -8850.384
17 23 40 12170
28 13 41 33420
27 14 41 12119.668
26 15 41 -4979.767
25 16 41 -19008.577
24 17 41 -27307.189
23 18 41 -33067.505
22 19 41 -35559.54331
21 20 41 -35137.890
20 21 41 -28642.412
19 22 41 -15697.537
18 23 41 320
29 13 42 40100
28 14 42 16470
27 15 42 1009.740
26 16 42 -17637.746
25 17 42 -24831.767
24 18 42 -34422.675
23 19 42 -35022.026
22 20 42 -38547.245
21 21 42 -32121.153
20 22 42 -25104.674
19 23 42 -7620
18 24 42 6730
30 13 43 47020
29 14 43 23101
28 15 43 4679.826
27 16 43 -12195.459
26 17 43 -24159.508
25 18 43 -32009.808
24 19 43 -36575.389
23 20 43 -38408.822
22 21 43 -36188.102
21 22 43 -29321.082
20 23 43 -17916.356
19 24 43 -1970
30 14 44 28513
29 15 44 10450
28 16 44 -9204.233
27 17 44 -20384.523
26 18 44 -32673.255
25 19 44 -35781.492
24 20 44 -41468.675
23 21 44 -37815.985
22 22 44 -37548.569
21 23 44 -24116.380
20 24 44 -13360
19 25 44 7030
31 14 45 37490
30 15 45 15600
29 16 45 -3989.589
28 17 45 -18262.543
27 18 45 -29770.796
26 19 45 -36615.638
25 20 45 -40812.174
24 21 45 -41071.896
23 22 45 -39009.840
22 23 45 -31886.016
21 24 45 -19514.799
20 25 45 -5250
19 26 45 13762
31 15 46 22970
30 16 46 340
29 17 46 -13859.398
28 18 46 -29772.926
27 19 46 -35413.924
26 20 46 -43139.361
25 21 46 -41761.219
24 22 46 -44127.799
23 23 46 -37075.351
22 24 46 -29471.567
21 25 46 -12570
20 26 46 910
32 15 47 29710
31 16 47 7370
30 17 47 -9780
29 18 47 -25366.338
28 19 47 -35711.976
27 20 47 -42344.418
26 21 47 -44336.595
25 22 47 -44937.364
24 23 47 -42006.618
23 24 47 -34562.578
22 25 47 -22566.374
21 26 47 -6870
20 27 47 10370
32 16 48 12761
31 17 48 -4280
30 18 48 -22281.337
29 19 48 -32284.477
28 20 48 -44224.629
27 21 48 -44503.842
26 22 48 -48492.709
25 23 48 -44477.694
24 24 48 -42822.020
23 25 48 -29296.338
22 26 48 -18000
21 27 48 1500
20 28 48 16793
33 16 49 21093
32 17 49 940
31 18 49 -17190
30 19 49 -29611.490
29 20 49 -41299.765
28 21 49 -46561.265
27 22 49 -48563.787
26 23 49 -47961.931
25 24 49 -45333.060
24 25 49 -37620.634
23 26 49 -24750.727
22 27 49 -9880
21 28 49 8200
33 17 50 7740
32 18 50 -13330
31 19 50 -25727.848
30 20 50 -39589.224
29 21 50 -44547.382
28 22 50 -51431.660
27 23 50 -49224.013
26 24 50 -50262.072
25 25 50 -42627.595
24 26 50 -34476.456
23 27 50 -17630
22 28 50 -4120
34 17 51 14290
33 18 51 -6690
32 19 51 -22516.196
31 20 51 -36332.304
30 21 51 -43228.684
29 22 51 -49732.837
28 23 51 -52203.842
27 24 51 -51451.395
26 25 51 -48243.877
25 26 51 -40202.555
24 27 51 -27342.143
23 28 51 -11900
34 18 52 -1280
33 19 52 -17137.627
32 20 52 -34266.266
31 21 52 -40443.279
30 22 52 -49469.820
29 23 52 -51443.769
28 24 52 -55419.242
27 25 52 -50707.284
26 26 52 -48330.363
25 27 52 -34360.951
24 28 52 -22330
23 29 52 -2280
35 18 53 6791
34 19 53 -12295.721
33 20 53 -29387.704
32 21 53 -38906.808
31 22 53 -46831.061
30 23 53 -51851.061
29 24 53 -55286.999
28 25 53 -54690.116
27 26 53 -50947.530
26 27 53 -42659.428
25 28 53 -29630.824
24 29 53 -13270
35 19 54 -5002
34 20 54 -25160.585
33 21 54 -33890.900
32 22 54 -45621.981
31 23 54 -49893.173
30 24 54 -56934.765
29 25 54 -55557.629
28 26 54 -56254.500
27 27 54 -48009.953
26 28 54 -39278.308
25 29 54 -21410
24 30 54 -6272
36 19 55 708
35 20 55 -18350
34 21 55 -30159.352
33 22 55 -41668.088
32 23 55 -49144.586
31 24 55 -55109.710
30 25 55 -57712.413
29 26 55 -57481.300
28 27 55 -54029.883
27 28 55 -45335.849
26 29 55 -31635.399
25 30 55 -14570
37 19 56 7927
36 20 56 -13898
35 21 56 -24852.260
34 22 56 -39320.048
33 23 56 -46154.881
32 24 56 -55285.001
31 25 56 -56911.538
30 26 56 -60607.082
29 27 56 -56040.402
28 28 56 -53907.539
27 29 56 -38643.029
26 30 56 -25390
25 31 56 -3390
37 20 57 -6874
36 21 57 -20995.875
35 22 57 -33915.633
34 23 57 -44413.450
33 24 57 -52524.702
32 25 57 -57486.251
31 26 57 -60181.839
30 27 57 -59345.564
29 28 57 -56083.833
28 29 57 -47308.886
27 30 57 -32550
26 31 57 -15010
38 20 58 -1919
37 21 58 -14876
36 22 58 -31110
35 23 58 -40401.753
34 24 58 -51991.801
33 25 58 -55827.560
32 26 58 -62155.113
31 27 58 -59847.158
30 28 58 -60228.744
29 29 58 -51667.725
28 30 58 -42298.744
27 31 58 -23540
26 32 58 -7080
38 21 59 -10302
37 22 59 -25510
36 23 59 -37832.015
35 24 59 -48085.760
34 25 59 -55525.320
33 26 59 -60664.805
32 27 59 -62229.709
31 28 59 -61156.707
30 29 59 -56358.327
29 30 59 -47215.551
28 31 59 -33760
27 32 59 -15870
39 21 60 -4052
38 22 60 -22330
37 23 60 -33241.956
36 24 60 -46669.576
35 25 60 -52967.938
34 26 60 -61413.017
33 27 60 -61650.309
32 28 60 -64473.118
31 29 60 -58345.137
30 30 60 -54174.340
29 31 60 -39590
28 32 60 -27090
27 33 60 -5470
40 21 61 931
39 22 61 -16350
38 23 61 -30506.429
37 24 61 -42475.229
36 25 61 -51742.122
35 26 61 -58920.494
34 27 61 -62898.066
33 28 61 -64221.905
32 29 61 -61984.059
31 30 61 -56348.903
30 31 61 -47134.659
29 32 61 -33360
28 33 61 -16900
40 22 62 -12500
39 23 62 -25476
38 24 62 -40894.961
37 25 62 -48523.957
36 26 62 -58878.048
35 27 62 -61424.282
34 28 62 -66746.323
33 29 62 -62787.426
32 30 62 -61167.972
31 31 62 -51986.906
30 32 62 -41740
29 33 62 -24320
41 22 63 -5750
40 23 63 -21890
39 24 63 -36007.474
38 25 63 -46887.053
37 26 63 -55635.621
36 27 63 -61851.440
35 28 63 -65512.775
34 29 63 -65579.752
33 30 63 -62213.397
32 31 63 -56547.093
31 32 63 -46921.216
30 33 63 -33500
42 22 64 -1025
41 23 64 -16320
40 24 64 -33479.757
39 25 64 -42989.035
38 26 64 -54969.544
37 27 64 -59792.329
36 28 64 -67098.921
35 29 64 -65424.545
34 30 64 -66004.014
33 31 64 -58832.821
32 32 64 -54315.496
31 33 64 -39532
30 34 64 -26700
42 23 65 -11780
41 24 65 -28220
40 25 65 -40967.339
39 26 65 -51217.895
38 27 65 -59185.198
37 28 65 -65125.685
36 29 65 -67263.660
35 30 65 -65912.019
34 31 65 -62657.507
33 32 65 -56478.216
32 33 65 -46937.051
31 34 65 -33020
43 23 66 -5610
42 24 66 -24720
41 25 66 -36750.387
40 26 66 -50067.839
39 27 66 -56408.533
38 28 66 -66006.285
37 29 66 -66258.272
36 30 66 -68899.160
35 31 66 -63723.660
34 32 66 -61607.032
33 33 66 -52025.077
32 34 66 -41660
44 23 67 -650
43 24 67 -18680
42 25 67 -33460
41 26 67 -45610.155
40 27 67 -55321.775
39 28 67 -63742.680
38 29 67 -67319.513
37 30 67 -67880.313
36 31 67 -66879.048
35 32 67 -62658.230
34 33 67 -56587.225
33 34 67 -46580.289
32 35 67 -32790
44 24 68 -14800
43 25 68 -28380
42 26 68 -43486.914
41 27 68 -51930.665
40 28 68 -63463.814
39 29 68 -65567.035
38 30 68 -70007.092
37 31 68 -67085.992
36 32 68 -66978.789
35 33 68 -58894.519
34 34 68 -54189.441
33 35 68 -38791
45 24 69 -8580
44 25 69 -24770
43 26 69 -39030
42 27 69 -50279.157
41 28 69 -59978.648
40 29 69 -65736.213
39 30 69 -68417.845
38 31 69 -69327.809
37 32 69 -67100.663
36 33 69 -63112.171
35 34 69 -56434.706
34 35 69 -46259.470
33 36 69 -32435
46 24 70 -4480
45 25 70 -19500
44 26 70 -36510
43 27 70 -46630
42 28 70 -59213.860
41 29 70 -62976.373
40 30 70 -69564.735
39 31 70 -68910.140
38 32 70 -70561.876
37 33 70 -64341.876
36 34 70 -61929.891
35 35 70 -51425.619
34 36 70 -41100
46 25 71 -15570
45 26 71 -31430
44 27 71 -44369.926
43 28 71 -55406.228
42 29 71 -62711.127
41 30 71 -67328.777
40 31 71 -70139.135
39 32 71 -69906.497
38 33 71 -67893.097
37 34 71 -63146.507
36 35 71 -56502.418
35 36 71 -46327.205
34 37 71 -32060
47 25 72 -9900
46 26 72 -28430
45 27 72 -40200
44 28 72 -54226.060
43 29 72 -59782.999
42 30 72 -68145.486
41 31 72 -68588.293
40 32 72 -72585.900
39 33 72 -68229.798
38 34 72 -67868.180
37 35 72 -59061.743
36 36 72 -53940.575
35 37 72 -38330
47 26 73 -22900
46 27 73 -37418
45 28 73 -50108.152
44 29 73 -58987.437
43 30 73 -65593.402
42 31 73 -69699.335
41 32 73 -71297.523
40 33 73 -70952.747
39 34 73 -68227.387
38 35 73 -63647.475
37 36 73 -56551.751
36 37 73 -46082
35 38 73 -31950
48 26 74 -19590
47 27 74 -32820
46 28 74 -48456
45 29 74 -56006.205
44 30 74 -65756.712
43 31 74 -68049.617
42 32 74 -73422.442
41 33 74 -70860.054
40 34 74 -72213.201
39 35 74 -65288.153
38 36 74 -62331.836
37 37 74 -51916.009
36 38 74 -40827
49 26 75 -13640
48 27 75 -29649
47 28 75 -44030
46 29 75 -54471.341
45 30 75 -62558.908
44 31 75 -68464.580
43 32 75 -71856.965
42 33 75 -73034.195
41 34 75 -72169.481
40 35 75 -69107.009
39 36 75 -64323.624
38 37 75 -57218.694
37 38 75 -46618.694
36 39 75 -31820
49 27 76 -24510
48 28 76 -41630
47 29 76 -50975.985
46 30 76 -62303.016
45 31 76 -66296.640
44 32 76 -73212.889
43 33 76 -72291.377
42 34 76 -75251.950
41 35 76 -70289.068
40 36 76 -69013.714
39 37 76 -60479.081
38 38 76 -54247.639
37 39 76 -38480
50 27 77 -21015
49 28 77 -36800
48 29 77 -48624
47 30 77 -58789.195
46 31 77 -65992.344
45 32 77 -71212.862
44 33 77 -73916.318
43 34 77 -74599.488
42 35 77 -73234.809
41 36 77 -70169.443
40 37 77 -64830.492
39 38 77 -57803.436
38 39 77 -46439
37 40 77 -32040
50 28 78 -33890
49 29 78 -44497.469
48 30 78 -57483.235
47 31 78 -63705.950
46 32 78 -71862.050
45 33 78 -72816.940
44 34 78 -77025.944
43 35 78 -73452.160
42 36 78 -74178.275
41 37 78 -66935.419
40 38 78 -63173.941
39 39 78 -52173
38 40 78 -40850
51 28 79 -27570
50 29 79 -41740
49 30 79 -53432.295
48 31 79 -62547.679
47 32 79 -69526.592
46 33 79 -73636.049
45 34 79 -75917.459
44 35 79 -76068.035
43 36 79 -74442.257
42 37 79 -70802.985
41 38 79 -65476.889
40 39 79 -57817.833
39 40 79 -46770
38 41 79 -31650
52 28 80 -22630
51 29 80 -36200
50 30 80 -51648.612
49 31 80 -59223.667
48 32 80 -69535.306
47 33 80 -72214.493
46 34 80 -77759.457
45 35 80 -75888.993
44 36 80 -77893.346
43 37 80 -72175.467
42 38 80 -70311.459
41 39 80 -61148.152
40 40 80 -54360
39 41 80 -38420
52 29 81 -31420
51 30 81 -46199.663
50 31 81 -57627.954
49 32 81 -66291.687
48 33 81 -72533.304
47 34 81 -76388.988
46 35 81 -77977.034
45 36 81 -77696.181
44 37 81 -75456.670
43 38 81 -71528.125
42 39 81 -65712.912
41 40 81 -57460.139
40 41 81 -46360
39 42 81 -31750
53 29 82 -25320
52 30 82 -42313.954
51 31 82 -52930.719
50 32 82 -65415.067
49 33 82 -70105.419
48 34 82 -77593.882
47 35 82 -77498.661
46 36 82 -80591.78515
45 37 82 -76187.803
44 38 82 -76010.053
43 39 82 -68064.091
42 40 82 -63631.287
41 41 82 -52090
40 42 82 -40370
53 30 83 -36290
52 31 83 -49257.122
51 32 83 -60976.435
50 33 83 -69669.323
49 34 83 -75340.530
48 35 83 -79013.709
47 36 83 -79990.633
46 37 83 -79070.630
45 38 83 -76797.606
44 39 83 -72205.665
43 40 83 -65911.654
42 41 83 -57556.083
41 42 83 -46340
40 43 83 -31320
54 30 84 -31930
53 31 84 -44088
52 32 84 -58148.428
51 33 84 -65853.560
50 34 84 -75947.721
49 35 84 -77783.084
48 36 84 -82439.33510
47 37 84 -79758.964
46 38 84 -80649.570
45 39 84 -73894.431
44 40 84 -71421.686
43 41 84 -61218.717
42 42 84 -54170
41 43 84 -37700
55 30 85 -25230
54 31 85 -39849
53 32 85 -53123.420
52 33 85 -63189.144
51 34 85 -72413.636
50 35 85 -78575.469
49 36 85 -81480.331
48 37 85 -82167.33050
47 38 85 -81103.280
46 39 85 -77842.123
45 40 85 -73175.189
44 41 85 -66279.676
43 42 85 -57509.753
42 43 85 -45850
41 44 85 -30950
55 31 86 -34080
54 32 86 -49399.922
53 33 86 -58962.142
52 34 86 -70503.167
51 35 86 -75632.252
50 36 86 -83265.66564
49 37 86 -82746.993
48 38 86 -84523.08935
47 39 86 -79283.089
46 40 86 -77969.014
45 41 86 -69134.054
44 42 86 -64110.245
43 43 86 -51570
42 44 86 -39770
56 31 87 -29250
55 32 87 -44078
54 33 87 -55617.907
53 34 87 -66426.125
52 35 87 -73891.676
51 36 87 -80709.522
50 37 87 -84597.791
49 38 87 -84880.06595
48 39 87 -83018.376
47 40 87 -79347.137
46 41 87 -73874.486
45 42 87 -66884.808
44 43 87 -57690.044
43 44 87 -45520
56 32 88 -40138
55 33 88 -50720
54 34 88 -63884.195
53 35 88 -70715.959
52 36 88 -79691.286
51 37 88 -82608.995
50 38 88 -87921.61793
49 39 88 -84299.018
48 40 88 -83628.871
47 41 88 -76173.586
46 42 88 -72686.544
45 43 88 -61681.315
44 44 88 -54340
43 45 88 -36860
57 32 89 -33729
56 33 89 -46798
55 34 89 -58992.391
54 35 89 -68274.263
53 36 89 -76535.785
52 37 89 -81712.388
51 38 89 -86209.017
50 39 89 -87708.352
49 40 89 -84875.561
48 41 89 -80625.209
47 42 89 -75014.935
46 43 89 -67394.848
45 44 89 -58260
44 45 89 -45861
58 32 90 -29221
57 33 90 -41330
56 34 90 -55800.217
55 35 90 -64000.298
54 36 90 -74959.250
53 37 90 -79364.404
52 38 90 -85948.127
51 39 90 -86494.062
50 40 90 -88772.535
49 41 90 -82661.519
48 42 90 -80172.503
47 43 90 -70724.687
46 44 90 -64883.792
45 45 90 -51700
44 46 90 -39710
58 33 91 -36896
57 34 91 -50580.124
56 35 91 -61107.294
55 36 91 -70973.965
54 37 91 -77745.037
53 38 91 -83651.927
52 39 91 -86351.295
51 40 91 -87895.566
50 41 91 -86638.001
49 42 91 -82208.821
48 43 91 -75986.646
47 44 91 -68239.823
46 45 91 -58570
45 46 91 -45930
59 33 92 -30981
58 34 92 -46724
57 35 92 -56232.805
56 36 92 -68769.320
55 37 92 -74772.438
54 38 92 -82867.361
53 39 92 -84816.492
52 40 92 -88459.028
51 41 92 -86453.292
50 42 92 -86808.576
49 43 92 -78925.693
48 44 92 -74301.201
47 45 92 -62999.087
46 46 92 -54580
45 47 92 -37130
59 34 93 -40716
58 35 93 -52890.230
57 36 93 -64135.994
56 37 93 -72619.901
55 38 93 -80085.838
54 39 93 -84227.157
53 40 93 -87122.032
52 41 93 -87212.838
51 42 93 -86807.069
50 43 93 -83606.106
49 44 93 -77216.713
48 45 93 -69011.800
47 46 93 -59001
46 47 93 -46267
60 34 94 -36803
59 35 94 -47400
58 36 94 -61347.772
57 37 94 -68562.785
56 38 94 -78845.711
55 39 94 -82351.463
54 40 94 -87269.322
53 41 94 -86369.062
52 42 94 -88414.065
51 43 94 -84158.317
50 44 94 -82583.591
49 45 94 -72907.613
48 46 94 -66102.268
47 47 94 -52410
46 48 94 -40140
61 34 95 -30460
60 35 95 -43771
59 36 95 -56158.913
58 37 95 -65891.493
57 38 95 -75119.551
56 39 95 -81208.848
55 40 95 -85659.940
54 41 95 -86786.258
53 42 95 -87711.858
52 43 95 -86021.341
51 44 95 -83457.745
50 45 95 -78340.606
49 46 95 -69965.900
48 47 95 -59597
47 48 95 -46631
61 35 96 -38163
60 36 96 -53079.678
59 37 96 -61354.349
58 38 96 -72924.157
57 39 96 -78335.895
56 40 96 -85438.846
55 41 96 -85602.816
54 42 96 -88794.876
53 43 96 -85821.634
52 44 96 -86080.372
51 45 96 -79687.718
50 46 96 -76183.406
49 47 96 -64511.636
48 48 96 -55573
47 49 96 -37890
62 35 97 -34055
61 36 97 -47423.492
60 37 97 -58519.137
59 38 97 -68581.454
58 39 97 -76121.424
57 40 97 -82942.661
56 41 97 -85605.776
55 42 97 -87544.691
54 43 97 -87224.424
53 44 97 -86120.552
52 45 97 -82597.552
51 46 97 -77805.843
50 47 97 -70825.843
49 48 97 -60454
48 49 97 -47189
63 35 98 -28250
62 36 98 -44311
61 37 98 -54369.146
60 38 98 -66423.104
59 39 98 -72294.777
58 40 98 -81286.709
57 41 98 -83524.598
56 42 98 -88115.972
55 43 98 -86432.205
54 44 98 -88224.858
53 45 98 -83175.205
52 46 98 -81320.975
51 47 98 -73066.415
50 48 98 -67636.415
49 49 98 -53896
63 36 99 -38759
62 37 99 -51121.143
61 38 99 -62521.401
60 39 99 -70649.825
59 40 99 -77620.617
58 41 99 -82335.341
57 42 99 -85970.098
56 43 99 -87327.862
55 44 99 -87625.381
54 45 99 -85581.300
53 46 99 -82182.651
52 47 99 -76712.473
51 48 99 -69931.123
50 49 99 -61376
49 50 99 -47944
64 36 100 -35052
63 37 100 -46247.064
62 38 100 -59820.903
61 39 100 -67327.396
60 40 100 -76377.437
59 41 100 -79797.399
58 42 100 -86193.025
57 43 100 -86020.945
56 44 100 -89227.389
55 45 100 -85591.126
54 46 100 -85212.778
53 47 100 -78137.959
52 48 100 -74194.596
51 49 100 -64312.972
50 50 100 -57282.972
65 36 101 -29128
64 37 101 -42845
63 38 101 -55324.907
62 39 101 -65061.002
61 40 101 -73165.957
60 41 101 -78891.491
59 42 101 -83519.949
58 43 101 -86344.594
57 44 101 -87958.114
56 45 101 -87412.416
55 46 101 -85432.132
54 47 101 -81334.374
53 48 101 -75836.456
52 49 101 -68614
51 50 101 -60305.626
65 37 102 -37707
64 38 102 -52159.304
63 39 102 -61173.177
62 40 102 -71587.707
61 41 102 -76304.544
60 42 102 -83566.061
59 43 102 -84572.878
58 44 102 -89106.437
57 45 102 -86783.318
56 46 102 -87903.171
55 47 102 -82246.691
54 48 102 -79659.691
53 49 102 -70694.884
52 50 102 -64934.884
66 37 103 -33608
65 38 103 -47422
64 39 103 -58457.575
63 40 103 -67815.334
62 41 103 -75028.671
61 42 103 -80960.670
60 43 103 -84603.867
59 44 103 -87267.171
58 45 103 -88031.708
57 46 103 -87457.189
56 47 103 -84802.692
55 48 103 -80651.616
54 49 103 -74632.591
53 50 103 -66972.591
52 51 103 -56178
66 38 104 -44106
65 39 104 -54064
64 40 104 -65724.060
63 41 104 -71819.012
62 42 104 -80349.968
61 43 104 -82503.444
60 44 104 -88095.710
59 45 104 -86959.348
58 46 104 -89395.105
57 47 104 -85116.452
56 48 104 -83968.380
55 49 104 -76182.665
54 50 104 -71627.047
53 51 104 -59173.620
67 38 105 -38610
66 39 105 -51270.361
65 40 105 -61464.734
64 41 105 -69915.551
63 42 105 -77337.141
62 43 105 -82290.088
61 44 105 -85934.490
60 45 105 -87851.243
59 46 105 -88417.888
58 47 105 -87070.836
57 48 105 -84333.839
56 49 105 -79640.572
55 50 105 -73337.992
54 51 105 -64015.482
53 52 105 -52811.510
68 38 106 -34790
67 39 106 -46053
66 40 106 -58549.987
65 41 106 -66203.357
64 42 106 -76134.528
63 43 106 -79776.223
62 44 106 -86323.223
61 45 106 -86362.627
60 46 106 -89907.527
59 47 106 -86942.383
58 48 106 -87132.138
57 49 106 -80608.134
56 50 106 -77353.687
55 51 106 -66473.292
54 52 106 -58219.748
69 38 107 -28900
68 39 107 -42364
67 40 107 -54379.688
66 41 107 -63723.810
65 42 107 -72551.560
64 43 107 -78749.914
63 44 107 -83862.512
62 45 107 -86863.703
61 46 107 -88372.639
60 47 107 -88406.670
59 48 107 -86990.261
58 49 107 -83564.261
57 50 107 -78512.228
56 51 107 -70653.239
55 52 107 -60539.326
54 53 107 -49430
69 39 108 -37297
68 40 108 -51353
67 41 108 -59545.765
66 42 108 -70755.942
65 43 108 -75922.778
64 44 108 -83661.350
63 45 108 -85031.721
62 46 108 -89524.206
61 47 108 -87606.763
60 48 108 -89252.414
59 49 108 -84119.819
58 50 108 -82069.938
57 51 108 -72445.331
56 52 108 -65781.667
55 53 108 -52649.605
70 39 109 -33200
69 40 109 -46193
68 41 109 -56689.794
67 42 109 -66665.996
66 43 109 -74282.775
65 44 109 -80738.401
64 45 109 -84999.455
63 46 109 -87606.476
62 47 109 -88719.426
61 48 109 -88504.321
60 49 109 -86489.511
59 50 109 -82630.184
58 51 109 -76250.977
57 52 109 -67715.390
56 53 109 -57672.496
55 54 109 -46169.548
70 40 110 -42886
69 41 110 -52309.909
68 42 110 -64542.585
67 43 110 -71034.510
66 44 110 -80072.576
65 45 110 -82828.686
64 46 110 -88330.905
63 47 110 -87457.302
62 48 110 -90347.969
61 49 110 -86469.969
60 50 110 -85841.983
59 51 110 -77449.734
58 52 110 -72229.811
57 53 110 -60464.176
56 54 110 -51922.625
71 40 111 -37560
70 41 111 -48875
69 42 111 -59939.761
68 43 111 -69024.622
67 44 111 -76785.271
66 45 111 -82304.452
65 46 111 -85985.888
64 47 111 -88215.447
63 48 111 -89252.247
62 49 111 -88392.043
61 50 111 -85938.587
60 51 111 -80836.736
59 52 111 -73587.477
58 53 111 -64953.785
57 54 111 -54395.534
56 55 111 -42821
72 40 112 -33810
71 41 112 -44274
70 42 112 -57464
69 43 112 -65258.938
68 44 112 -75630.818
67 45 112 -79731.503
66 46 112 -86321.562
65 47 112 -86583.718
64 48 112 -90574.859
63 49 112 -87990.131
62 50 112 -88655.056
61 51 112 -81598.965
60 52 112 -77567.508
59 53 112 -67063.330
58 54 112 -60026.338
57 55 112 -46290.277
72 41 113 -40511
71 42 113 -52490
70 43 113 -62811.541
69 44 113 -71868.119
68 45 113 -78767.536
67 46 113 -83591.092
66 47 113 -87026.822
65 48 113 -89043.284
64 49 113 -89367.117
63 50 113 -88328.132
62 51 113 -84416.968
61 52 113 -78347.029
60 53 113 -71119.507
59 54 113 -62203.618
58 55 113 -51764.530
57 56 113 -39784
73 41 114 -35387
72 42 114 -49807
71 43 114 -58600.288
70 44 114 -70221.811
69 45 114 -75710.625
68 46 114 -83490.943
67 47 114 -84930.800
66 48 114 -90014.932
65 49 114 -88569.801
64 50 114 -90559.723
63 51 114 -84496.574
62 52 114 -81888.569
61 53 114 -72796
60 54 114 -67085.890
59 55 114 -54682.261
58 56 114 -45905.426
74 41 115 -31354
73 42 115 -44749
72 43 115 -56319.990
71 44 115 -66189.734
70 45 115 -74229.831
69 46 115 -80426.386
68 47 115 -84982.654
67 48 115 -88084.479
66 49 115 -89536.346
65 50 115 -90033.835
64 51 115 -87003.403
63 52 115 -82062.759
62 53 115 -76337.797
61 54 115 -68656.748
60 55 115 -59699
59 56 115 -49020
74 42 116 -41500
73 43 116 -51456
72 44 116 -64068.909
71 45 116 -70736.122
70 46 116 -79831.635
69 47 116 -82542.653
68 48 116 -88712.480
67 49 116 -88249.749
66 50 116 -91525.970
65 51 116 -86822.150
64 52 116 -85268.961
63 53 116 -77492.236
62 54 116 -73046.724
61 55 116 -62043
60 56 116 -54580
59 57 116 -40645
75 42 117 -36170
74 43 117 -48382
73 44 117 -59489.865
72 45 117 -68897.373
71 46 117 -76424.477
70 47 117 -82182.014
69 48 117 -86418.389
68 49 117 -88943.042
67 50 117 -90397.751
66 51 117 -88639.539
65 52 117 -85095.411
64 53 117 -80436.077
63 54 117 -74185.337
62 55 117 -66493.092
61 56 117 -57457.753
60 57 117 -46471
76 42 118 -32630
75 43 118 -43790
74 44 118 -57260
73 45 118 -64887.460
72 46 118 -75388.746
71 47 118 -79553.792
70 48 118 -86701.641
69 49 118 -87228.211
68 50 118 -91652.853
67 51 118 -87996.213
66 52 118 -87696.584
65 53 118 -80971.048
64 54 118 -78079.057
63 55 118 -68409.367
62 56 118 -62354
61 57 118 -49560
76 43 119 -40371
75 44 119 -52564
74 45 119 -62822.794
73 46 119 -71407.902
72 47 119 -78645.765
71 48 119 -83977.068
70 49 119 -87699.281
69 50 119 -90065.022
68 51 119 -89474.180
67 52 119 -87181.180
66 53 119 -83765.530
65 54 119 -78794.413
64 55 119 -72305.051
63 56 119 -64590.086
62 57 119 -54790
61 58 119 -43940
77 43 120 -35518
76 44 120 -50012
75 45 120 -58815
74 46 120 -70280.050
73 47 120 -75651.502
72 48 120 -83957.354
71 49 120 -85728.369
70 50 120 -91098.369
69 51 120 -88417.761
68 52 120 -89367.987
67 53 120 -83752.987
66 54 120 -82172.423
65 55 120 -73888.639
64 56 120 -68888.639
63 57 120 -57570
62 58 120 -49600
78 43 121 -31780
77 44 121 -45047
76 45 121 -56250.128
75 46 121 -66182.329
74 47 121 -74402.821
73 48 121 -81073.826
72 49 121 -85835.974
71 50 121 -89197.265
70 51 121 -89600.321
69 52 121 -88545.502
68 53 121 -86251.449
67 54 121 -82480.986
66 55 121 -77102.331
65 56 121 -70744.837
64 57 121 -62190
63 58 121 -52690
62 59 121 -41422
78 44 122 -42150
77 45 122 -52080
76 46 122 -64616.161
75 47 122 -71106.108
74 48 122 -80612.374
73 49 122 -83572.741
72 50 122 -89941.333
71 51 122 -88335.370
70 52 122 -90314.460
69 53 122 -86080.460
68 54 122 -85354.977
67 55 122 -78144.759
66 56 122 -74608.944
65 57 122 -64543
64 58 122 -57874
63 59 122 -44780
79 44 123 -37080
78 45 123 -49360
77 46 123 -60429.742
76 47 123 -69548.078
75 48 123 -77414.181
74 49 123 -83430.353
73 50 123 -87816.181
72 51 123 -89224.069
71 52 123 -89172.156
70 53 123 -87943.727
69 54 123 -85248.701
68 55 123 -81043.646
67 56 123 -75654.953
66 57 123 -68651
65 58 123 -60286
64 59 123 -50230
80 44 124 -33960
79 45 124 -44890
78 46 124 -58390
77 47 124 -66200.134
76 48 124 -76701.672
75 49 124 -80870.201
74 50 124 -88234.193
73 51 124 -87620.248
72 52 124 -90525.321
71 53 124 -87365.734
70 54 124 -87661.421
69 55 124 -81731.334
68 56 124 -79089.775
67 57 124 -70258.610
66 58 124 -64916
65 59 124 -53151
64 60 124 -44525
80 45 125 -42000
79 46 125 -54120
78 47 125 -64519.932
77 48 125 -73348.095
76 49 125 -80476.805
75 50 125 -85896.376
74 51 125 -88256.274
73 52 125 -89022.974
72 53 125 -88837.204
71 54 125 -87193.381
70 55 125 -84087.950
69 56 125 -79668.965
68 57 125 -73759.484
67 58 125 -66658
66 59 125 -57940
65 60 125 -47599
81 45 126 -37300
80 46 126 -51860
79 47 126 -60680
78 48 126 -72256.802
77 49 126 -77772.908
76 50 126 -86015.240
75 51 126 -86393.240
74 52 126 -90065.348
73 53 126 -87911.318
72 54 126 -89146.962
71 55 126 -84350.829
70 56 126 -82669.902
69 57 126 -74973.468
68 58 126 -70820.558
67 59 126 -60324
66 60 126 -52993
65 61 126 -39350
82 45 127 -34030
81 46 127 -47180
80 47 127 -58440
79 48 127 -68747.402
78 49 127 -76896.184
77 50 127 -83470.803
76 51 127 -86699.477
75 52 127 -88281.678
74 53 127 -88983.909
73 54 127 -88321.560
72 55 127 -86240.154
71 56 127 -82817.944
70 57 127 -77896.108
69 58 127 -71979.336
68 59 127 -64543
67 60 127 -55536
66 61 127 -44786
82 46 128 -44490
81 47 128 -54620
80 48 128 -67241.890
79 49 128 -74145.941
78 50 128 -83362.008
77 51 128 -84630.286
76 52 128 -88993.716
75 53 128 -87738.724
74 54 128 -89860.298
73 55 128 -85931.581
72 56 128 -85378.497
71 57 128 -78625.431
70 58 128 -75533.917
69 59 128 -66330.757
68 60 128 -60314
67 61 128 -47786
66 62 128 -38670
83 46 129 -37610
82 47 129 -51980
81 48 129 -63058.046
80 49 129 -72837.720
79 50 129 -80590.903
78 51 129 -84629.307
77 52 129 -87004.807
76 53 129 -88507.125
75 54 129 -88696.05896
74 55 129 -87499.246
73 56 129 -85063.198
72 57 129 -81324.573
71 58 129 -76287.496
70 59 129 -69773.558
69 60 129 -62315
68 61 129 -52881
67 62 129 -42000
83 47 130 -45697
82 48 130 -61117.589
81 49 130 -69883.206
80 50 130 -80132.206
79 51 130 -82285.676
78 52 130 -87352.949
77 53 130 -86936.138
76 54 130 -89880.463
75 55 130 -86899.743
74 56 130 -87261.544
73 57 130 -81627.366
72 58 130 -79422.905
71 59 130 -71175.457
70 60 130 -66596.232
69 61 130 -55396
68 62 130 -47506
67 63 130 -33683
84 47 131 -40380
83 48 131 -55218.965
82 49 131 -68025.030
81 50 131 -77264.571
80 51 131 -81981.401
79 52 131 -85211.012
78 53 131 -87442.710
77 54 131 -88413.558
76 55 131 -88058.786
75 56 131 -86683.731
74 57 131 -83769.256
73 58 131 -79708.440
72 59 131 -74300.656
71 60 131 -67768.033
70 61 131 -59660
69 62 131 -50133
68 63 131 -39270
85 47 132 -33790
84 48 132 -50263
83 49 132 -62411.542
82 50 132 -76546.542
81 51 132 -79635.271
80 52 132 -85188.186
79 53 132 -85703.490
78 54 132 -89278.96179
77 55 132 -87152.681
76 56 132 -88435.017
75 57 132 -83723.650
74 58 132 -82470.896
73 59 132 -75227.456
72 60 132 -71425.807
71 61 132 -61628
70 62 132 -55079
69 63 132 -42200
85 48 133 -43920
84 49 133 -57464
83 50 133 -70873.880
82 51 133 -78923.503
81 52 133 -82937.122
80 53 133 -85858.260
79 54 133 -87643.571
78 55 133 -88070.931
77 56 133 -87553.613
76 57 133 -85494.383
75 58 133 -82418.214
74 59 133 -77937.581
73 60 133 -72332.372
72 61 133 -65407.646
71 62 133 -57231
70 63 133 -47236
69 64 133 -35860
86 48 134 -38920
85 49 134 -51661
84 50 134 -66433.748
83 51 134 -74020.542
82 52 134 -82533.741
81 53 134 -84043.429
80 54 134 -88125.822
79 55 134 -86891.154
78 56 134 -88949.853
77 57 134 -85218.650
76 58 134 -84832.889
75 59 134 -78527.991
74 60 134 -75646.432
73 61 134 -66738.751
72 62 134 -61376
71 63 134 -49928
70 64 134 -41302
86 49 135 -46528
85 50 135 -60632.244
84 51 135 -69690.323
83 52 135 -77728.780
82 53 135 -83779.145
81 54 135 -86413.151
80 55 135 -87581.643
79 56 135 -87850.498
78 57 135 -86643.317
77 58 135 -84616.171
76 59 135 -80935.861
75 60 135 -76213.609
74 61 135 -70052.075
73 62 135 -62857.215
72 63 135 -54148
71 64 135 -44390
70 65 135 -32825
87 49 136 -40510
86 50 136 -55899
85 51 136 -64506.880
84 52 136 -74425.269
83 53 136 -79545.214
82 54 136 -86429.159
81 55 136 -86338.697
80 56 136 -88886.921
79 57 136 -86037.479
78 58 136 -86508.372
77 59 136 -81340.355
76 60 136 -79199.287
75 61 136 -71169.915
74 62 136 -66810.890
73 63 136 -56244
72 64 136 -49090
71 65 136 -36130
88 49 137 -35040
87 50 137 -49788
86 51 137 -60060.384
85 52 137 -69303.753
84 53 137 -76356.258
83 54 137 -82383.404
82 55 137 -86545.606
81 56 137 -87721.235
80 57 137 -87140.688
79 58 137 -85918.588
78 59 137 -83201.693
77 60 137 -79584.567
76 61 137 -74072.848
75 62 137 -68026.525
74 63 137 -60145.895
73 64 137 -51214
72 65 137 -40967
88 50 138 -44861
87 51 138 -54220.403
86 52 138 -65695.985
85 53 138 -71979.900
84 54 138 -79972.233
83 55 138 -82886.937
82 56 138 -88261.638
81 57 138 -86519.180
80 58 138 -87570.922
79 59 138 -83133.922
78 60 138 -82018.310
77 61 138 -74940.483
76 62 138 -71497.762
75 63 138 -61749.669
74 64 138 -55800
73 65 138 -43668
72 66 138 -34931
89 50 139 -38440
88 51 139 -49788
87 52 139 -60205.072
86 53 139 -68470.954
85 54 139 -75644.576
84 55 139 -80700.921
83 56 139 -84913.751
82 57 139 -87226.212
81 58 139 -86947.862
80 59 139 -84818.798
79 60 139 -82013.942
78 61 139 -77500.481
77 62 139 -72380.219
76 63 139 -65398.042
75 64 139 -57632
74 65 139 -48130
73 66 139 -37642
89 51 140 -43939
88 52 140 -56576.228
87 53 140 -63606.213
86 54 140 -72986.451
85 55 140 -77050.105
84 56 140 -83269.354
83 57 140 -84315.871
82 58 140 -88076.089
81 59 140 -84688.089
80 60 140 -84258.912
79 61 140 -78213.712
78 62 140 -75455.935
77 63 140 -66985.935
76 64 140 -61782.271
75 65 140 -50482.271
74 66 140 -42830
73 67 140 -29259
90 51 141 -39110
89 52 141 -50487
88 53 141 -59926.657
87 54 141 -68197.299
86 55 141 -74477.523
85 56 141 -79732.626
84 57 141 -82931.636
83 58 141 -85432.916
82 59 141 -86015.644
81 60 141 -84192.630
80 61 141 -80522.921
79 62 141 -75933.909
78 63 141 -69925.629
77 64 141 -63224.224
76 65 141 -54540.837
75 66 141 -45382
74 67 141 -34364
90 52 142 -46370
89 53 142 -54769.984
88 54 142 -65229.639
87 55 142 -70514.550
86 56 142 -77842.264
85 57 142 -80024.227
84 58 142 -84533.188
83 59 142 -83787.476
82 60 142 -85949.980
81 61 142 -81142.044
80 62 142 -78986.470
79 63 142 -71313.470
78 64 142 -66959.515
77 65 142 -56559.515
76 66 142 -50120
75 67 142 -37250
74 68 142 -28030
91 52 143 -40278
90 53 143 -50630
89 54 143 -60202.873
88 55 143 -67675.509
87 56 143 -73937.197
86 57 143 -78171.515
85 58 143 -81606.671
84 59 143 -83068.246
83 60 143 -84002.234
82 61 143 -82960.651
81 62 143 -79517.152
80 63 143 -74241.300
79 64 143 -68231.300
78 65 143 -60419.183
77 66 143 -52168.941
76 67 143 -42048
75 68 143 -31260
91 53 144 -45280
90 54 144 -56872.293
89 55 144 -63271.353
88 56 144 -71767.121
87 57 144 -74849.652
86 58 144 -80431.870
85 59 144 -80750.517
84 60 144 -83747.957
83 61 144 -81416.093
82 62 144 -81965.535
81 63 144 -75619.133
80 64 144 -71759.504
79 65 144 -62368.181
78 66 144 -56570.083
77 67 144 -44609.513
76 68 144 -36608
75 69 144 -22259
92 53 145 -40939
91 54 145 -51493.329
90 55 145 -60054.415
89 56 145 -67516.176
88 57 145 -72835.317
87 58 145 -77067.022
86 59 145 -79625.940
85 60 145 -81431.951
84 61 145 -81267.474
83 62 145 -80651.318
82 63 145 -77991.507
81 64 145 -72926.320
80 65 145 -66388.411
79 66 145 -58242.599
78 67 145 -49120.105
77 68 145 -39240
76 69 145 -27583
92 54 146 -47954.943
91 55 146 -55310.372
90 56 146 -64947.086
89 57 146 -69050.283
88 58 146 -75635.389
87 59 146 -76681.006
86 60 146 -80925.867
85 61 146 -79454.309
84 62 146 -80996.309
83 63 146 -77117.541
82 64 146 -76085.783
81 65 146 -67763.610
80 66 146 -62554.918
79 67 146 -51238.219
78 68 146 -44322.012
77 69 146 -31055
93 54 147 -42360
92 55 147 -51920.064
91 56 147 -60264.029
90 57 147 -66678.390
89 58 147 -72013.891
88 59 147 -75444.067
87 60 147 -78146.748
86 61 147 -79042.260
85 62 147 -79266.354
84 63 147 -77544.756
83 64 147 -75356.945
82 65 147 -70742.665
81 66 147 -64196.038
80 67 147 -55757.092
79 68 147 -46607.807
78 69 147 -35974.400
94 54 148 -38600
93 55 148 -46910.942
92 56 148 -57593.735
91 57 148 -62708.735
90 58 148 -70398.408
89 59 148 -72535.424
88 60 148 -77407.996
87 61 148 -76865.716
86 62 148 -79336.264
85 63 148 -76299.331
84 64 148 -76269.329
83 65 148 -70537.082
82 66 148 -67859.550
81 67 148 -57991.158
80 68 148 -51478.989
79 69 148 -38765.027
78 70 148 -30330
94 55 149 -43250
93 56 149 -53120.309
92 57 149 -60219.913
91 58 149 -66669.913
90 59 149 -71039.366
89 60 149 -74375.466
88 61 149 -76064.256
87 62 149 -77135.737
86 63 149 -76441.112
85 64 149 -75127.011
84 65 149 -71488.669
83 66 149 -67695.909
82 67 149 -61646.578
81 68 149 -53741.615
80 69 149 -43883
79 70 149 -33198
95 55 150 -38170
94 56 150 -49900
93 57 150 -56129.966
92 58 150 -64846.854
91 59 150 -68300.479
90 60 150 -73679.755
89 61 150 -73597.139
88 62 150 -77051.139
87 63 150 -74792.234
86 64 150 -75763.934
85 65 150 -71105.721
84 66 150 -69309.600
83 67 150 -61945.881
82 68 150 -57831.313
81 69 150 -46491
80 70 150 -38638
79 71 150 -24640
96 55 151 -34230
95 56 151 -44940
94 57 151 -53310.333
93 58 151 -61225.052
92 59 151 -66779.630
91 60 151 -70942.988
90 61 151 -73386.063
89 62 151 -74576.279
88 63 151 -74652.854
87 64 151 -74188.737
86 65 151 -71623.504
85 66 151 -68752.405
84 67 151 -63622.738
83 68 151 -58266.284
82 69 151 -50772.756
81 70 151 -41542.342
80 71 151 -30108
97 55 152 -28930
96 56 152 -41710
95 57 152 -49290
94 58 152 -58980
93 59 152 -63758.063
92 60 152 -70149.407
91 61 152 -71254.186
90 62 152 -74762.603
89 63 152 -72888.255
88 64 152 -74706.916
87 65 152 -70716.916
86 66 152 -70117.873
85 67 152 -63604.771
84 68 152 -60500.377
83 69 152 -51720.273
82 70 152 -46270.381
81 71 152 -33422
97 56 153 -36470
96 57 153 -46060
95 58 153 -54910
94 59 153 -61568.463
93 60 153 -67330.297
92 61 153 -70647.824
91 62 153 -72559.686
90 63 153 -73367.222
89 64 153 -72882.551
88 65 153 -71313.338
87 66 153 -69142.943
86 67 153 -65012.103
85 68 153 -60468.604
84 69 153 -53973.329
83 70 153 -47208
82 71 153 -38372.844
81 72 153 -27300
98 56 154 -32820
97 57 154 -41530
96 58 154 -52220
95 59 154 -58104.976
94 60 154 -65824.976
93 61 154 -68511.976
92 62 154 -72455.176
91 63 154 -71738.121
90 64 154 -73705.954
89 65 154 -70156.303
88 66 154 -70393.907
87 67 154 -64639.311
86 68 154 -62605.020
85 69 154 -54427.131
84 70 154 -49932.083
83 71 154 -39715
82 72 154 -32670
98 57 155 -37930
97 58 155 -47780
96 59 155 -55415.268
95 60 155 -62283.724
94 61 155 -66939.931
93 62 155 -70190.819
92 63 155 -71818.092
91 64 155 -72069.880
90 65 155 -71250.050
89 66 155 -69155.550
88 67 155 -66039.539
87 68 155 -62209.189
86 69 155 -56625.913
85 70 155 -50502.608
84 71 155 -42545.047
83 72 155 -34170
82 73 155 -23928
99 57 156 -33050
98 58 156 -44820
97 59 156 -51568
96 60 156 -60473.644
95 61 156 -64163.644
94 62 156 -69360.430
93 63 156 -70082.548
92 64 156 -72534.914
91 65 156 -70090.797
90 66 156 -70528.964
89 67 156 -65478.964
88 68 156 -64211.709
87 69 156 -56834.550
86 70 156 -53265.721
85 71 156 -43699.544
84 72 156 -37816.896
83 73 156 -25861
99 58 157 -39930
98 59 157 -48540
97 60 157 -56461.543
96 61 157 -62297.043
95 62 157 -66677.577
94 63 157 -69458.908
93 64 157 -70823.473
92 65 157 -70763.430
91 66 157 -69424.558
90 67 157 -66832.832
89 68 157 -63413.639
88 69 157 -58709.273
87 70 157 -53421.898
86 71 157 -46440.523
85 72 157 -38903
84 73 157 -29593.330
83 74 157 -19470
100 58 158 -36660
99 59 158 -44330
98 60 158 -54055
97 61 158 -59089.209
96 62 158 -65250.243
95 63 158 -67255.188
94 64 158 -70689.546
93 65 158 -69470.668
92 66 158 -70407.349
91 67 158 -66187.593
90 68 158 -65303.808
89 69 158 -58703.194
88 70 158 -56010.237
87 71 158 -47212.190
86 72 158 -42102.390
85 73 158 -31167
84 74 158 -23633
100 59 159 -41088
99 60 159 -49807
98 61 159 -56554.280
97 62 159 -62207.775
96 63 159 -66043.285
95 64 159 -68561.436
94 65 159 -69532.363
93 66 159 -69167.134
92 67 159 -67329.534
91 68 159 -64561.034
90 69 159 -60570.398
89 70 159 -55838.606
88 71 159 -49708.604
87 72 159 -42852.600
86 73 159 -34439.148
85 74 159 -25295
84 75 159 -14745
101 59 160 -36520
100 60 160 -47134
99 61 160 -53002
98 62 160 -60234.793
97 63 160 -63480.463
96 64 160 -67941.741
95 65 160 -67836.257
94 66 160 -69672.730
93 67 160 -66382.730
92 68 160 -66064.228
91 69 160 -60302.028
90 70 160 -58162.706
89 71 160 -50269.937
88 72 160 -45938.943
87 73 160 -35823.695
86 74 160 -29326.455
85 75 160 -16739
101 60 161 -42588
100 61 161 -50235
99 62 161 -56671.962
98 63 161 -61791.524
97 64 161 -65505.824
96 65 161 -67461.589
95 66 161 -68055.801
94 67 161 -67197.270
93 68 161 -65201.608
92 69 161 -61898.708
91 70 161 -57839.400
90 71 161 -52562.344
89 72 161 -46314.672
88 73 161 -38778.997
87 74 161 -30555
86 75 161 -20840.203
85 76 161 -9979
102 60 162 -39550
101 61 162 -46370
100 62 162 -54530
99 63 162 -58703.401
98 64 162 -64280.401
97 65 162 -65675.958
96 66 162 -68181.478
95 67 162 -66041.541
94 68 162 -66334.519
93 69 162 -61477.791
92 70 162 -59826.347
91 71 162 -52831.753
90 72 162 -49169.008
89 73 162 -39780.194
88 74 162 -33999.207
87 75 162 -22501
86 76 162 -14440
102 61 163 -43249
101 62 163 -50720
100 63 163 -56484.886
99 64 163 -61313.886
98 65 163 -64596.071
97 66 163 -66381.170
96 67 163 -66378.335
95 68 163 -65167.723
94 69 163 -62728.723
93 70 163 -59299.094
92 71 163 -54791.409
91 72 163 -49263.682
90 73 163 -42534.629
89 74 163 -34908.193
88 75 163 -26002.244
87 76 163 -16192
103 61 164 -38870
102 62 164 -48102
101 63 164 -53381
100 64 164 -59774
99 65 164 -62077.965
98 66 164 -65967.965
97 67 164 -64981.503
96 68 164 -65942.890
95 69 164 -61904.035
94 70 164 -61017.418
93 71 164 -54642.370
92 72 164 -51818.505
91 73 164 -43282.800
90 74 164 -38235.759
89 75 164 -27472.436
88 76 164 -20422.106
87 77 164 -7344
103 62 165 -43808
102 63 165 -50724
101 64 165 -56453
100 65 165 -60566
99 66 165 -63612.606
98 67 165 -64899.006
97 68 165 -64521.610
96 69 165 -62929.621
95 70 165 -60295.382
94 71 165 -56442.242
93 72 165 -51635.507
92 73 165 -45847.853
91 74 165 -38861.022
90 75 165 -30659.776
89 76 165 -21795
88 77 165 -11593
104 62 166 -40730
103 63 166 -47208
102 64 166 -54530
101 65 166 -57884.789
100 66 166 -62584.789
99 67 166 -63071.329
98 68 166 -64926.042
97 69 166 -61888.375
96 70 166 -61595.740
95 71 166 -56020.981
94 72 166 -53858.983
93 73 166 -46097.775
92 74 166 -41888.031
91 75 166 -31893.478
90 76 166 -25431.517
89 77 166 -13354
88 78 166 -4730
104 63 167 -44010
103 64 167 -50813
102 65 167 -55927
101 66 167 -59930.626
100 67 167 -62280.626
99 68 167 -63291.180
98 69 167 -62543.641
97 70 167 -60590.576
96 71 167 -57501.125
95 72 167 -53467.756
94 73 167 -48351.059
93 74 167 -42098.058
92 75 167 -34831
91 76 167 -26501.993
90 77 167 -17072.440
89 78 167 -6612
105 63 168 -39740
104 64 168 -48363
103 65 168 -52723
102 66 168 -58559.566
101 67 168 -60061.171
100 68 168 -62991.171
99 69 168 -61312.921
98 70 168 -61581.901
97 71 168 -57067.850
96 72 168 -55360.552
95 73 168 -48393.908
94 74 168 -44893.109
93 75 168 -35794.885
92 76 168 -29995.213
91 77 168 -18666.226
90 78 168 -11007.460
105 64 169 -44153
104 65 169 -50329
103 66 169 -55597.177
102 67 169 -58797.177
101 68 169 -60923.104
100 69 169 -61275.212
99 70 169 -60377.563
98 71 169 -58084.563
97 72 169 -54716.889
96 73 169 -50290.430
95 74 169 -44917.873
94 75 169 -38409.232
93 76 169 -30722.691
92 77 169 -22093.839
91 78 169 -12512
90 79 169 -1788
106 64 170 -41380
105 65 170 -46724
104 66 170 -53663
103 67 170 -56238.681
102 68 170 -60108.681
101 69 170 -59795.853
100 70 170 -60763.919
99 71 170 -57306.224
98 72 170 -56253.854
97 73 170 -50137.665
96 74 170 -47290.832
95 75 170 -38913.193
94 76 170 -33926.247
93 77 170 -23360
92 78 170 -16299.193
91 79 170 -3752
106 65 171 -44032
105 66 171 -50189
104 67 171 -54518.956
103 68 171 -57718.956
102 69 171 -59210.298
101 70 171 -59306.810
100 71 171 -57828.395
99 72 171 -55431.345
98 73 171 -51720.273
97 74 171 -47086.090
96 75 171 -41250.280
95 76 171 -34301.942
94 77 171 -26412.025
93 78 171 -17469.702
92 79 171 -7562.295
91 80 171 3480
107 65 172 -39850
106 66 172 -48009
105 67 172 -51484
104 68 172 -56483.612
103 69 172 -57374.379
102 70 172 -59255.446
101 71 172 -56735.980
100 72 172 -56402.226
99 73 172 -51329.977
98 74 172 -49097.186
97 75 172 -41537.106
96 76 172 -37243.842
95 77 172 -27379.369
94 78 172 -21106.920
93 79 172 -9318.006
92 80 172 -1058.744
107 66 173 -43939
106 67 173 -49351
105 68 173 -53654
104 69 173 -56256.059
103 70 173 -57551.225
102 71 173 -56880.916
101 72 173 -55411.784
100 73 173 -52396.538
99 74 173 -48727.383
98 75 173 -43553.865
97 76 173 -37438.257
96 77 173 -30268.435
95 78 173 -21942.911
94 79 173 -12832.440
93 80 173 -2710
108 66 174 -41370
107 67 174 -45690
106 68 174 -51949
105 69 174 -53864.512
104 70 174 -56944.512
103 71 174 -55570.195
102 72 174 -55844.481
101 73 174 -51740.766
100 74 174 -50227.088
99 75 174 -43673.096
98 76 174 -39995.416
97 77 174 -30863.492
96 78 174 -25318.163
95 79 174 -14235
94 80 174 -6641.009
108 67 175 -43203
107 68 175 -48652
106 69 175 -52310.549
105 70 175 -54695.549
104 71 175 -55165.582
103 72 175 -54481.662
102 73 175 -52408.647
101 74 175 -49632.795
100 75 175 -45288.307
99 76 175 -40105.376
98 77 175 -33394.506
97 78 175 -25713.466
96 79 175 -17403.955
95 80 175 -7972.576
109 67 176 -39290
108 68 176 -46631
107 69 176 -49371.314
106 70 176 -53491.314
105 71 176 -53382.236
104 72 176 -54576.321
103 73 176 -51365.374
102 74 176 -50641.603
101 75 176 -45062.885
100 76 176 -42097.940
99 77 176 -33878.326
98 78 176 -28933.867
97 79 176 -18520.963
96 80 176 -11784.950
95 81 176 581.594
109 68 177 -42858
108 69 177 -47469
107 70 177 -50986.397
106 71 177 -52383.806
105 72 177 -52880.616
104 73 177 -51714.616
103 74 177 -49701.726
102 75 177 -46269.170
101 76 177 -41956.462
100 77 177 -36047.421
99 78 177 -29370.444
98 79 177 -21545.103
97 80 177 -12782.542
96 81 177 -3340.526
110 68 178 -40260
109 69 178 -44116
108 70 178 -49695.475
107 71 178 -50337.784
106 72 178 -52435.236
105 73 178 -50598
104 74 178 -50406.936
103 75 178 -45653.453
102 76 178 -43544.270
101 77 178 -36251.884
100 78 178 -31997.519
99 79 178 -22303.743
98 80 178 -16315.901
97 81 178 -4790
96 82 178 3574.294
110 69 179 -41601
109 70 179 -46537
108 71 179 -49058.918
107 72 179 -50462.907
106 73 179 -50357.323
105 74 179 -49295.127
104 75 179 -46584.280
103 76 179 -43019.495
102 77 179 -38081.714
101 78 179 -32268.145
100 79 179 -24988.567
99 80 179 -16928.134
98 81 179 -8268.495
97 82 179 2050.639
111 69 180 -37920
110 70 180 -44600
109 71 180 -46676.348
108 72 180 -49779.348
107 73 180 -48932.877
106 74 180 -49636.115
105 75 180 -45837.359
104 76 180 -44357.810
103 77 180 -37977.526
102 78 180 -34435.877
101 79 180 -25625.509
100 80 180 -20250.447
99 81 180 -9386.647
98 82 180 -1941.380
112 69 181 -35170
111 70 181 -41088
110 71 181 -44797.410
109 72 181 -47402.831
108 73 181 -48438.311
107 74 181 -48233.818
106 75 181 -46517.391
105 76 181 -43549.963
104 77 181 -39463.028
103 78 181 -34381.511
102 79 181 -27871.136
101 80 181 -20661.136
100 81 181 -12798.735
99 82 181 -3117.350
112 70 182 -38820
111 71 182 -41880
110 72 182 -46049.508
109 73 182 -46429.934
108 74 182 -48246.060
107 75 182 -45446.060
106 76 182 -44609.104
105 77 182 -39051.679
104 78 182 -36168.449
103 79 182 -28300.768
102 80 182 -23576.922
101 81 182 -13327.927
100 82 182 -6825.112
113 70 183 -35100
112 71 183 -39716.110
111 72 183 -43282.796
110 73 183 -45292.796
109 74 183 -46365.580
108 75 183 -45809.580
107 76 183 -43664.043
106 77 183 -40203.311
105 78 183 -35772.487
104 79 183 -30191.483
103 80 183 -23804.674
102 81 183 -16587.257
101 82 183 -7575.218
114 70 184 -32540
113 71 184 -36412
112 72 184 -41499.373
111 73 184 -42839.373
110 74 184 -45705.373
109 75 184 -44219.634
108 76 184 -44252.533
107 77 184 -39610.851
106 78 184 -37334.243
105 79 184 -30318.710
104 80 184 -26348.965
103 81 184 -16883.242
102 82 184 -11051.522
101 83 184 1063.068
115 70 185 -28500
114 71 185 -33888
113 72 185 -38319.800
112 73 185 -41394.293
111 74 185 -43387.793
110 75 185 -43819.027
109 76 185 -42805.880
108 77 185 -40335.553
107 78 185 -36688.140
106 79 185 -31858.143
105 80 185 -26183.666
104 81 185 -19757.741
103 82 185 -11541.220
102 83 185 -2236
115 71 186 -30210
114 72 186 -36424.210
113 73 186 -38607.528
112 74 186 -42508.528
111 75 186 -41927.086
110 76 186 -42999.943
109 77 186 -39172.346
108 78 186 -37864.443
107 79 186 -31714.852
106 80 186 -28539.097
105 81 186 -19886.613
104 82 186 -14682.026
103 83 186 -3146.212
102 84 186 4100.974
116 71 187 -27580
115 72 187 -32817
114 73 187 -36895.546
113 74 187 -39903.970
112 75 187 -41216.478
111 76 187 -41218.945
110 77 187 -39549.372
109 78 187 -36685.050
108 79 187 -33027.838
107 80 187 -28117.930
106 81 187 -22444.587
105 82 187 -14986.959
104 83 187 -6383.271
103 84 187 2828.597
117 71 188 -23790
116 72 188 -30879
115 73 188 -33612.030
114 74 188 -38667.811
113 75 188 -39016.811
112 76 188 -41137.233
111 77 188 -38344.907
110 78 188 -37820.929
109 79 188 -32371.308
108 80 188 -30201.914
107 81 188 -22336.400
106 82 188 -17815.202
105 83 188 -7194.687
104 84 188 -544.313
117 72 189 -27162
116 73 189 -31829
115 74 189 -35617.536
114 75 189 -37979.043
113 76 189 -38986.745
112 77 189 -38449.586
111 78 189 -36469.348
110 79 189 -33581.955
109 80 189 -29626.401
108 81 189 -24616.100
107 82 189 -17844.035
106 83 189 -10064.660
105 84 189 -1422.005
118 72 190 -25030
117 73 190 -28513
116 74 190 -34382.313
115 75 190 -35635.830
114 76 190 -38707.771
113 77 190 -36753.544
112 78 190 -37306.450
111 79 190 -32833.533
110 80 190 -31370.697
109 81 190 -24372.027
108 82 190 -20416.645
107 83 190 -10599.579
106 84 190 -4563.837
118 73 191 -26492
117 74 191 -31176.173
116 75 191 -34350.296
115 76 191 -36395.185
114 77 191 -36708.756
113 78 191 -35698.237
112 79 191 -33797.904
111 80 191 -30591.896
110 81 191 -26282.945
109 82 191 -20231.118
108 83 191 -13239.347
107 84 191 -5068.735
106 85 191 3863.917
119 73 192 -23064
118 74 192 -29649
117 75 192 -31588.825
116 76 192 -35882.191
115 77 192 -34835.561
114 78 192 -36288.457
113 79 192 -32772.116
112 80 192 -32011.553
111 81 192 -25872.246
110 82 192 -22556.020
109 83 192 -13534.535
108 84 192 -8070.661
107 85 192 2925.854
120 73 193 -20870
119 74 193 -26287
118 75 193 -30231.638
117 76 193 -33394.289
116 77 193 -34536.235
115 78 193 -34479.608
114 79 193 -33404.821
113 80 193 -31062.179
112 81 193 -27477.212
111 82 193 -22194.490
110 83 193 -15884.559
109 84 193 -8325.318
108 85 193 -67.320
107 86 193 9042.911
121 73 194 -17300
120 74 194 -24526
119 75 194 -27237
118 76 194 -32435.108
117 77 194 -32531.708
116 78 194 -34760.070
115 79 194 -32211.936
114 80 194 -32183.945
113 81 194 -26937.491
112 82 194 -24207.940
111 83 194 -16028.811
110 84 194 -11004.655
109 85 194 -720.163
108 86 194 5723.495
121 74 195 -21010
120 75 195 -25579
119 76 195 -29511.593
118 77 195 -31692.251
117 78 195 -32793.849
116 79 195 -32567.031
115 80 195 -31013.393
114 81 195 -28155.248
113 82 195 -23707.693
112 83 195 -18025.561
111 84 195 -11056.259
110 85 195 -3470.295
109 86 195 5050.281
122 74 196 -18880
121 75 196 -22542
120 76 196 -28277.105
119 77 196 -29435.493
118 78 196 -32644.510
117 79 196 -31138.706
116 80 196 -31825.941
115 81 196 -27496.592
114 82 196 -25348.312
113 83 196 -18009.031
112 84 196 -13473.042
111 85 196 -3914.677
110 86 196 1970.991
123 74 197 -15140
122 75 197 -20502
121 76 197 -25309
120 77 197 -28264.105
119 78 197 -30419.750
118 79 197 -31139.738
117 80 197 -30540.229
116 81 197 -28341.649
115 82 197 -24745.401
114 83 197 -19687.191
113 84 197 -13357.990
112 85 197 -6355.250
111 86 197 1510.353
110 87 197 10253.971
123 75 198 -17139
122 76 198 -23837
121 77 198 -25821
120 78 198 -29903.999
119 79 198 -29580.781
118 80 198 -30954.310
117 81 198 -27528.746
116 82 198 -26067.489
115 83 198 -19369.486
114 84 198 -15473.352
113 85 198 -6714.513
112 86 198 -1230.358
111 87 198 9574.024
124 75 199 -14860
123 76 199 -20484
122 77 199 -24398.515
121 78 199 -27388.682
120 79 199 -29093.741
119 80 199 -29546.068
118 81 199 -28059.394
117 82 199 -25231.804
116 83 199 -20797.566
115 84 199 -15208.483
114 85 199 -8823.372
113 86 199 -1499.451
112 87 199 6771.393
124 76 200 -18779
123 77 200 -21611
122 78 200 -26599.160
121 79 200 -27240.092
120 80 200 -29503.270
119 81 200 -27047.230
118 82 200 -26251.054
117 83 200 -20370.755
116 84 200 -16941.761
115 85 200 -8987.892
114 86 200 -4004.765
113 87 200 6132.498
125 76 201 -15239
124 77 201 -19897
123 78 201 -23740.714
122 79 201 -26400.714
121 80 201 -27662.542
120 81 201 -27180.838
119 82 201 -25271.036
118 83 201 -21416.433
117 84 201 -16521.185
116 85 201 -10789.438
115 86 201 -4072.324
114 87 201 3588.577
113 88 201 11936.801
126 76 202 -13087
125 77 202 -16776
124 78 202 -22692.125
123 79 202 -24352.979
122 80 202 -27345.324
121 81 202 -25980.216
120 82 202 -25940.614
119 83 202 -20741.484
118 84 202 -17941.616
117 85 202 -10590.732
116 86 202 -6274.635
115 87 202 3096.237
114 88 202 9074.861
127 76 203 -7640
126 77 203 -14690
125 78 203 -19627
124 79 203 -23143.436
123 80 203 -25269.265
122 81 203 -25761.377
121 82 203 -24786.557
120 83 203 -21524.827
119 84 203 -17310.889
118 85 203 -12162.557
117 86 203 -6153.699
116 87 203 876.417
115 88 203 8661.726
127 77 204 -9688
126 78 204 -17922
125 79 204 -20650
124 80 204 -24690.145
123 81 204 -24346.145
122 82 204 -25109.892
121 83 204 -20645.896
120 84 204 -18341.244
119 85 204 -11875.433
118 86 204 -7970.193
117 87 204 607.310
116 88 204 6056.787
128 77 205 -5960
127 78 205 -12966
126 79 205 -18770
125 80 205 -22287.740
124 81 205 -23820.874
123 82 205 -23770.239
122 83 205 -21064.504
121 84 205 -17521.398
120 85 205 -12971.946
119 86 205 -7709.786
118 87 205 -1309.813
117 88 205 5838.991
116 89 205 14106.693
128 78 206 -9632
127 79 206 -14215
126 80 206 -20945.801
125 81 206 -22253.367
124 82 206 -23785.584
123 83 206 -20028.278
122 84 206 -18188.674
121 85 206 -12429.718
120 86 206 -9132.965
119 87 206 -1242.416
118 88 206 3565.539
117 89 206 13479.452
129 78 207 -4540
128 79 207 -10810
127 80 207 -16487.444
126 81 207 -21034.451
125 82 207 -22452.047
124 83 207 -20054.627
123 84 207 -17145.775
122 85 207 -13227.416
121 86 207 -8634.762
120 87 207 -2844.341
119 88 207 3544.485
118 89 207 11146.233
130 78 208 -990
129 79 208 -6101
128 80 208 -13265.406
127 81 208 -16750.132
126 82 208 -21748.598
125 83 208 -18870.223
124 84 208 -17469.596
123 85 208 -12469.871
122 86 208 -9655.591
121 87 208 -2665.919
120 88 208 1727.856
119 89 208 10753.235
118 90 208 16683.730
130 79 209 -2540
129 80 209 -8644
128 81 209 -13644.757
127 82 209 -17614.646
126 83 209 -18258.662
125 84 209 -16366.092
124 85 209 -12882.613
123 86 209 -8941.049
122 87 209 -3769.572
121 88 209 1858.219
120 89 209 8843.809
119 90 209 16367
131 79 210 2329
130 80 210 -5365
129 81 210 -9246.969
128 82 210 -14728.502
127 83 210 -14791.979
126 84 210 -15953.137
125 85 210 -11972.177
124 86 210 -9604.770
123 87 210 -3333.205
122 88 210 442.792
121 89 210 8789.699
120 90 210 14059.446
131 80 211 -624
130 81 211 -6077.998
129 82 211 -10492.948
128 83 211 -11859.131
127 84 211 -12432.571
126 85 211 -11647.264
125 86 211 -8755.404
124 87 211 -4140.249
123 88 211 832.023
122 89 211 7202.214
121 90 211 13910.171
120 91 211 22080
132 80 212 2757
131 81 212 -1551
130 82 212 -7548.850
129 83 212 -8117.954
128 84 212 -10369.487
127 85 212 -8628.221
126 86 212 -8659.608
125 87 212 -3515.968
124 88 212 -198.968
123 89 212 7277.298
122 90 212 12110.808
121 91 212 21593.358
133 80 213 7666
132 81 213 1783.811
131 82 213 -3203.532
130 83 213 -5231.635
129 84 213 -6653.584
128 85 213 -6579.595
127 86 213 -5696.026
126 87 213 -3552.848
125 88 213 345.557
124 89 213 6154.692
123 90 213 12120.086
122 91 213 19662.625
134 80 214 11178
133 81 214 6465
132 82 214 -182.769
131 83 214 -1200.753
130 84 214 -4470.046
129 85 214 -3379.831
128 86 214 -4319.742
127 87 214 -958.707
126 88 214 92.734
125 89 214 6443.854
124 90 214 10694.885
123 91 214 19485.515
135 80 215 16208
134 81 215 9911
133 82 215 4342.244
132 83 215 1629.322
131 84 215 -541.706
130 85 215 -1255.756
129 86 215 -1168.561
128 87 215 318.065
127 88 215 2533.739
126 89 215 6030.615
125 90 215 10921.586
124 91 215 17863.939
123 92 215 24923.087
136 80 216 19859
135 81 216 14718
134 82 216 7480
133 83 216 5873.991
132 84 216 1782.420
131 85 216 2256.666
130 86 216 252.868
129 87 216 2970.950
128 88 216 3291.077
127 89 216 8144.395
126 90 216 10298.332
125 91 216 17799.214
124 92 216 23066.351
136 81 217 18313
135 82 217 12240
134 83 217 8729.962
133 84 217 5883.518
132 85 217 4394.635
131 86 217 3658.501
130 87 217 4314.590
129 88 217 5889.656
128 89 217 8703.673
127 90 217 12205.780
126 91 217 17068.410
125 92 217 22973
137 81 218 23180
136 82 218 15453
135 83 218 13216.037
134 84 218 8356.901
133 85 218 8098.162
132 86 218 5217.347
131 87 218 7059.117
130 88 218 6651.170
129 89 218 10843.609
128 90 218 12366.741
127 91 218 18683.770
126 92 218 21894.608
137 82 219 20279
136 83 219 16283
135 84 219 12681.359
134 85 219 10396.076
133 86 219 8829.402
132 87 219 8617.767
131 88 219 9394.282
130 89 219 11569.480
129 90 219 14471.390
128 91 219 18540.131
127 92 219 23286.569
126 93 219 29456.655
138 82 220 23669
137 83 220 20819
136 84 220 15263.461
135 85 220 14375.747
134 86 220 10612.077
133 87 220 11482.320
132 88 220 10270.245
131 89 220 13743.682
130 90 220 14669.100
129 91 220 20218
128 92 220 22933
127 93 220 30311
138 83 221 24098
137 84 221 19773.755
136 85 221 16782.727
135 86 221 14471.420
134 87 221 13277.290
133 88 221 12963.811
132 89 221 14523.109
131 90 221 16940.371
130 91 221 20376.288
129 92 221 24519.995
128 93 221 29850
139 83 222 28729
138 84 222 22486.265
137 85 222 20953.026
136 86 222 16372.206
135 87 222 16378.105
134 88 222 14320.188
133 89 222 16621.474
132 90 222 17203.111
131 91 222 22155
130 92 222 24272.827
129 93 222 31019
140 83 223 32137
139 84 223 27079
138 85 223 23428.006
137 86 223 20389.739
136 87 223 18382.394
135 88 223 17233.309
134 89 223 17825.882
133 90 223 19385.831
132 91 223 22320.676
131 92 223 25837.006
130 93 223 30600
141 83 224 36830
140 84 224 29910
139 85 224 27711.015
138 86 224 22445.098
137 87 224 21748.616
136 88 224 18825.917
135 89 224 20234.135
134 90 224 19993.734
133 91 224 23862.278
132 92 224 25722.252
131 93 224 31876
141 84 225 34530
140 85 225 30395
139 86 225 26534.141
138 87 225 23820.610
137 88 225 21993.109
136 89 225 21637.346
135 90 225 22310.127
134 91 225 24340.725
133 92 225 27379.921
132 93 225 31587.704
142 84 226 37549
141 85 226 34614
140 86 226 28747.192
139 87 226 27520.539
138 88 226 23667.824
137 89 226 24309.264
136 90 226 23197.634
135 91 226 26033.276
134 92 226 27328.869
133 93 226 32777
143 84 227 42281
142 85 227 37483
141 86 227 32885.834
140 87 227 29682.445
139 88 227 27177.711
138 89 227 25849.580
137 90 227 25804.823
136 91 227 26831.198
135 92 227 29045.462
134 93 227 32562.080
133 94 227 36770
143 85 228 41684
142 86 228 35243.465
141 87 228 33384.221
140 88 228 28940.268
139 89 228 28894.728
138 90 228 26770.984
137 91 228 28923.586
136 92 228 29222.226
135 93 228 33595.694
134 94 228 36087.370
144 85 229 44823
143 86 229 39362.400
142 87 229 35668.262
141 88 229 32561.963
140 89 229 30689.933
139 90 229 29585.583
138 91 229 29896.908
137 92 229 31210.554
136 93 229 33779.675
135 94 229 37395.590
134 95 229 42150.020
144 86 230 42048
143 87 230 39486.768
142 88 230 34516.306
141 89 230 33838.383
140 90 230 30862.593
139 91 230 32173.607
138 92 230 31615.002
137 93 230 35236.291
136 94 230 36934.392
135 95 230 42932
145 86 231 46454
144 87 231 42080.575
143 88 231 38216.486
142 89 231 35762.849
141 90 231 33815.891
140 91 231 33424.404
139 92 231 33806.015
138 93 231 35624.513
137 94 231 38309.005
136 95 231 42410
135 96 231 47270
145 87 232 46072.834
144 88 232 40496.953
143 89 232 39154.419
142 90 232 35446.784
141 91 232 35946.633
140 92 232 34609.530
139 93 232 37360
138 94 232 38363.140
137 95 232 43340
136 96 232 46312
146 87 233 48920.051
145 88 233 44334.060
144 89 233 41308.033
143 90 233 38731.715
142 91 233 37489.472
141 92 233 36919.176
140 93 233 37948.590
139 94 233 40051.769
138 95 233 43263
137 96 233 47294.006
136 97 233 52861
146 88 234 46930.629
145 89 234 44841.190
144 90 234 40613.009
143 91 234 40338.921
142 92 234 38145.025
141 93 234 39954.871
140 94 234 40349.971
139 95 234 44461
138 96 234 46724.633
137 97 234 53455
147 88 235 51130
146 89 235 47357.155
145 90 235 44017.749
144 91 235 42288.896
143 92 235 40918.846
142 93 235 41043.108
141 94 235 42182.410
140 95 235 44625.429
139 96 235 48034
138 97 235 52704
147 89 236 51220.992
146 90 236 46255.198
145 91 236 45333.950
144 92 236 42444.644
143 93 236 43378.178
142 94 236 42901.593
141 95 236 46041
140 96 236 47855.045
139 97 236 53542
148 89 237 54020
147 90 237 49955.092
146 91 237 47527.619
145 92 237 45390.194
144 93 237 44871.659
143 94 237 45091.722
142 95 237 46570
141 96 237 49247.085
140 97 237 53188
139 98 237 57938.921
148 90 238 52525
147 91 238 50894.038
146 92 238 47307.783
145 93 238 47454.656
144 94 238 46163.213
143 95 238 48421.487
142 96 238 49445.188
141 97 238 54216
140 98 238 57278
149 90 239 56450
148 91 239 53337
147 92 239 50572.718
146 93 239 49311.057
145 94 239 48588.282
144 95 239 49390.424
143 96 239 51147.025
142 97 239 54250
141 98 239 58269
140 99 239 63556
149 91 240 56910
148 92 240 52715.505
147 93 240 52316.272
146 94 240 50125.380
145 95 240 51510.169
144 96 240 51724.306
143 97 240 55664
142 98 240 57990.944
141 99 240 64199
150 91 241 59640
149 92 241 56197
148 93 241 54260.175
147 94 241 52955.175
146 95 241 52934.395
145 96 241 53701.830
144 97 241 56032
143 98 241 59327
142 99 241 63863
141 100 241 69126
150 92 242 58620
149 93 242 57416.932
148 94 242 54716.932
147 95 242 55468.072
146 96 242 54803.764
145 97 242 57734
144 98 242 59386.966
143 99 242 64801
142 100 242 68400
151 92 243 62360
150 93 243 59876
149 94 243 57754.602
148 95 243 57175.046
147 96 243 57181.998
146 97 243 58689.693
145 98 243 60990
144 99 243 64747
143 100 243 69387
151 93 244 63202
150 94 244 59806.028
149 95 244 59879.196
148 96 244 58451.896
147 97 244 60713.885
146 98 244 61478.179
145 99 244 66026
144 100 244 68966
152 93 245 65890
151 94 245 63178.179
150 95 245 61900.469
149 96 245 61004.580
148 97 245 61813.836
147 98 245 63385.210
146 99 245 66366
145 100 245 70187
144 101 245 75272
152 94 246 65394.801
151 95 246 64994
150 96 246 62616.967
149 97 246 63966.967
148 98 246 64090.292
147 99 246 67901
146 100 246 70188.833
145 101 246 76115
153 94 247 69108
152 95 247 67153
151 96 247 65533.143
150 97 247 65489.562
149 98 247 66103.903
148 99 247 68578.388
147 100 247 71673
146 101 247 75937
153 95 248 70563
152 96 248 67392.755
151 97 248 68080
150 98 248 67238.012
149 99 248 70299
148 100 248 71897.857
147 101 248 77148
146 102 248 80621
154 95 249 73104
153 96 249 70750.702
152 97 249 69846.384
151 98 249 69722.784
150 99 249 71175
149 100 249 73519.188
148 101 249 77232
147 102 249 81782
154 96 250 72989.594
153 97 250 72949.978
152 98 250 71170.391
151 99 250 73225
150 100 250 74072.243
149 101 250 78630
148 102 250 81564
155 96 251 76648.018
154 97 251 75228.018
153 98 251 74135.018
152 99 251 74512.277
151 100 251 75953.919
150 101 251 78966.744
149 102 251 82849
148 103 251 87728
156 96 252 79056
155 97 252 78535
154 98 252 76034.617
153 99 252 77294.617
152 100 252 76815.627
151 101 252 80510
150 102 252 82871.427
149 103 252 88737
156 97 253 80929
155 98 253 79301.567
154 99 253 79010.538
153 100 253 79345.740
152 101 253 81173
151 102 253 84358.735
150 103 253 88575
149 104 253 93557
157 97 254 84393
156 98 254 81341.401
155 99 254 81990.594
154 100 254 80902.794
153 101 254 83453
152 102 254 84723.347
151 103 254 89871
150 104 254 93199
157 98 255 84809
156 99 255 84089.274
155 100 255 83799.654
154 101 255 84843.070
153 102 255 86807.234
152 103 255 89947.300
151 104 255 94330
150 105 255 99593
158 98 256 87041
157 99 256 87187
156 100 256 85486.817
155 101 256 87456
154 102 256 87822.062
153 103 256 91746.598
152 104 256 94222.049
151 105 256 100498
158 99 257 89403
157 100 257 88590.033
156 101 257 88993.053
155 102 257 90247.256
154 103 257 92665
153 104 257 95866.427
152 105 257 100207
159 99 258 92702
158 100 258 90426
157 101 258 91686.792
156 102 258 91478
155 103 258 94782
154 104 258 96341.036
153 105 258 101797
152 106 258 105244
159 100 259 93704
158 101 259 93624
157 102 259 94078.569
156 103 259 95852
155 104 259 98362
154 105 259 101991.016
153 106 259 106520
160 100 260 95766
159 101 260 96552
158 102 260 95612
157 103 260 98277
156 104 260 99147
155 105 260 103673
154 106 260 106547.552
153 107 260 113323
160 101 261 98578
159 102 261 98455
158 103 261 99558
157 104 261 101318.594
156 105 261 104308
155 106 261 108005.043
154 107 261 113133
161 101 262 101627
160 102 262 100101
159 103 262 102102
158 104 262 102393
157 105 262 106253
156 106 262 108365.771
155 107 262 114541
161 102 263 103129
160 103 263 103729
159 104 263 104756
158 105 263 107111
157 106 263 110190
156 107 263 114496
155 108 263 119678
162 102 264 105011
161 103 264 106377
160 104 264 106077
159 105 264 109362
158 106 264 110782
157 107 264 116058
156 108 264 119563.222
162 103 265 108233
161 104 265 108690
160 105 265 110483
159 106 265 112794
158 107 265 116415
157 108 265 120900.283
156 109 265 126678
163 103 266 111622
162 104 266 110076
161 105 266 112737
160 106 266 113618
159 107 266 118104
158 108 266 121136.373
157 109 266 127962
163 104 267 113444
162 105 267 114074
161 106 267 115806
160 107 267 118766
159 108 267 122653
158 109 267 127791
157 110 267 133880
164 104 268 115476
163 105 268 117062
162 106 268 116802
161 107 268 120807
160 108 268 122830
159 109 268 129151
158 110 268 133648
164 105 269 119148
163 106 269 119763
162 107 269 121478
161 108 269 124564
160 109 269 129370
159 110 269 134834.709
165 105 270 122307
164 106 270 121491
163 107 270 124226
162 108 270 125112
161 109 270 130710
160 110 270 134678.282
165 106 271 124757
164 107 271 125921
163 108 271 127740
162 109 271 131101
161 110 271 135948
166 106 272 126580
165 107 272 128789
164 108 272 129006
163 109 272 133581
162 110 272 136015
161 111 272 142773
167 106 273 130018
166 107 273 130633
165 108 273 131890
164 109 273 134713
163 110 273 138356
162 111 273 142695
167 107 274 133682
166 108 274 133486
165 109 274 137246
164 110 274 139197
163 111 274 144613
168 107 275 135691
167 108 275 136620
166 109 275 138829
165 110 275 141565
164 111 275 145296
168 108 276 138285
167 109 276 141315
166 110 276 142541
165 111 276 147486
164 112 276 150352
169 108 277 141493
168 109 277 142968
167 110 277 145140
166 111 277 148338
165 112 277 152403
169 109 278 145736
168 110 278 146381
167 111 278 150517
166 112 278 152932
165 113 278 158889
170 109 279 147496
169 110 279 149126
168 111 279 151775
167 112 279 155030
166 113 279 159239
170 110 280 150520
169 111 280 153886
168 112 280 155696
167 113 280 161140
171 110 281 153431
170 111 281 155297
169 112 281 158019
168 113 281 161810
171 111 282 157800
170 112 282 158976
169 113 282 163725
172 111 283 159281
171 112 283 161486
170 113 283 164707
172 112 284 162545
171 113 284 166591
170 114 284 168921
173 112 285 165173
172 113 285 167731
171 114 285 171003
173 113 286 170014
172 114 286 171773
174 113 287 171245
173 114 287 174073
172 115 287 177895
174 114 288 175042
173 115 288 179771
175 114 289 177564
174 115 289 180666
173 116 289 184528
175 115 290 182894
174 116 290 185198
176 115 291 183990
175 116 291 187387
174 117 291 191800
176 116 292 188242
175 117 292 193576
177 116 293 190669
176 117 293 194385
175 118 293 198873
177 117 294 196521
176 118 294 199463
177 118 295 201512
